1778679680505 2.9 0
1778679690509 19.9 1
1778679700513 24.8 2
1778679710517 27.5 3
1778679720521 31.1 4
1778679730525 31.3 5
1778679740529 30.6 6
1778679750532 28.4 7
1778679760535 26.9 8
1778679770538 26.8 9
1778679780541 28.5 10
1778679790546 28.3 11
1778679800549 28.4 12
1778679810552 28.0 13
1778679820556 27.2 14
1778679830559 29.3 15
1778679840563 30.1 16
1778679850567 30.4 17
1778679860571 31.9 18
1778679870575 33.1 19
1778679880580 31.9 20
1778679890583 32.6 21
1778679900586 31.7 22
1778679910590 32.7 23
1778679920594 33.1 24
1778679930599 33.9 25
1778679940607 33.1 26
1778679950614 33.9 27
1778679960618 31.6 28
1778679970621 34.0 29
1778679980625 33.6 30
1778679990628 34.4 31
1778680000631 31.6 32
1778680010634 31.0 33
1778680020640 31.8 34
1778680030644 32.5 35
1778680040647 32.7 36
1778680050651 34.3 37
1778680060654 33.6 38
1778680070658 32.0 39
1778680080662 32.0 40
1778680090666 34.3 41
1778680100669 33.5 42
1778680110673 32.5 43
1778680120676 33.4 44
1778680130680 33.2 45
1778680140684 33.6 46
1778680150687 32.1 47
1778680160691 33.0 48
1778680170694 31.3 49
1778680180698 33.5 50
1778680190700 39.9 51
1778680200707 27.1 52
1778680210713 34.5 53
1778680220716 29.3 54
1778680230719 27.5 55
1778680240723 29.0 56
1778680250726 27.8 57
