1778679680505 94705.4 0
1778679690509 94705.4 1
1778679700513 94706.4 2
1778679710517 94706.4 3
1778679720521 94706.4 4
1778679730525 94706.4 5
1778679740529 94706.4 6
1778679750532 94706.4 7
1778679760535 94706.4 8
1778679770538 94706.6 9
1778679780541 94706.6 10
1778679790546 94706.6 11
1778679800549 94706.6 12
1778679810552 94706.3 13
1778679820556 94706.3 14
1778679830559 94706.3 15
1778679840563 94707.8 16
1778679850567 94707.8 17
1778679860571 94707.8 18
1778679870575 94707.8 19
1778679880580 94706.5 20
1778679890583 94706.5 21
1778679900586 94706.5 22
1778679910590 94706.6 23
1778679920594 94706.6 24
1778679930599 94706.6 25
1778679940607 94706.5 26
1778679950614 94706.5 27
1778679960618 94706.5 28
1778679970621 94706.5 29
1778679980625 94706.5 30
1778679990628 94706.5 31
1778680000631 94706.5 32
1778680010634 94708.4 33
1778680020640 94708.4 34
1778680030644 94708.4 35
1778680040647 94706.7 36
1778680050651 94706.7 37
1778680060654 94706.7 38
1778680070658 94706.7 39
1778680080662 94708.5 40
1778680090666 94708.5 41
1778680100669 94708.5 42
1778680110673 94707.1 43
1778680120676 94707.1 44
1778680130680 94707.1 45
1778680140684 94707.1 46
1778680150687 94708.5 47
1778680160691 94708.5 48
1778680170694 94708.5 49
1778680180698 94709.0 50
1778680190700 94709.0 51
1778680200707 94709.0 52
1778680210713 94707.0 53
1778680220716 94707.0 54
1778680230719 94707.0 55
1778680240723 94702.6 56
1778680250726 94702.6 57
