1778679680505 414617.5 0
1778679690509 414617.5 1
1778679700513 414616.5 2
1778679710517 414616.5 3
1778679720521 414616.5 4
1778679730525 414616.5 5
1778679740529 414616.6 6
1778679750532 414616.6 7
1778679760535 414616.6 8
1778679770538 414616.4 9
1778679780541 414616.4 10
1778679790546 414616.4 11
1778679800549 414616.4 12
1778679810552 414616.7 13
1778679820556 414616.7 14
1778679830559 414616.7 15
1778679840563 414615.2 16
1778679850567 414615.2 17
1778679860571 414615.2 18
1778679870575 414615.2 19
1778679880580 414616.5 20
1778679890583 414616.5 21
1778679900586 414616.5 22
1778679910590 414616.4 23
1778679920594 414616.4 24
1778679930599 414616.4 25
1778679940607 414616.5 26
1778679950614 414616.5 27
1778679960618 414616.5 28
1778679970621 414616.5 29
1778679980625 414616.5 30
1778679990628 414616.5 31
1778680000631 414616.5 32
1778680010634 414614.6 33
1778680020640 414614.6 34
1778680030644 414614.6 35
1778680040647 414616.3 36
1778680050651 414616.3 37
1778680060654 414616.3 38
1778680070658 414616.3 39
1778680080662 414614.5 40
1778680090666 414614.5 41
1778680100669 414614.5 42
1778680110673 414616.0 43
1778680120676 414616.0 44
1778680130680 414616.0 45
1778680140684 414616.0 46
1778680150687 414614.5 47
1778680160691 414614.5 48
1778680170694 414614.5 49
1778680180698 414613.9 50
1778680190700 414613.9 51
1778680200707 414613.9 52
1778680210713 414616.0 53
1778680220716 414616.0 54
1778680230719 414616.0 55
1778680240723 414620.2 56
1778680250726 414620.2 57
