1778679680505 18.6 0
1778679690509 18.6 1
1778679700513 18.6 2
1778679710517 18.6 3
1778679720521 18.6 4
1778679730525 18.6 5
1778679740529 18.6 6
1778679750532 18.6 7
1778679760535 18.6 8
1778679770538 18.6 9
1778679780541 18.6 10
1778679790546 18.6 11
1778679800549 18.6 12
1778679810552 18.6 13
1778679820556 18.6 14
1778679830559 18.6 15
1778679840563 18.6 16
1778679850567 18.6 17
1778679860571 18.6 18
1778679870575 18.6 19
1778679880580 18.6 20
1778679890583 18.6 21
1778679900586 18.6 22
1778679910590 18.6 23
1778679920594 18.6 24
1778679930599 18.6 25
1778679940607 18.6 26
1778679950614 18.6 27
1778679960618 18.6 28
1778679970621 18.6 29
1778679980625 18.6 30
1778679990628 18.6 31
1778680000631 18.6 32
1778680010634 18.6 33
1778680020640 18.6 34
1778680030644 18.6 35
1778680040647 18.6 36
1778680050651 18.6 37
1778680060654 18.6 38
1778680070658 18.6 39
1778680080662 18.6 40
1778680090666 18.6 41
1778680100669 18.6 42
1778680110673 18.6 43
1778680120676 18.6 44
1778680130680 18.6 45
1778680140684 18.6 46
1778680150687 18.6 47
1778680160691 18.6 48
1778680170694 18.6 49
1778680180698 18.6 50
1778680190700 18.6 51
1778680200707 18.6 52
1778680210713 18.6 53
1778680220716 18.6 54
1778680230719 18.6 55
1778680240723 18.6 56
1778680250726 18.6 57
