1778679680505 0.0016669999999976426 0
1778679690509 0.0206670000000031 1
1778679700513 0.028791000000012446 2
1778679710517 0.03304200000002311 3
1778679720521 0.03598800000000324 4
1778679730525 0.0413300000000163 5
1778679740529 0.6747100000000046 6
1778679750532 0.6893680000000018 7
1778679760535 0.70228800000001 8
1778679770538 0.7069860000000006 9
1778679780541 0.7126599999999996 10
1778679790546 0.7163910000000158 11
1778679800549 0.720123000000001 12
1778679810552 0.7247169999999983 13
1778679820556 0.7298020000000065 14
1778679830559 0.7354330000000004 15
1778679840563 0.7381129999999985 16
1778679850567 0.7412750000000017 17
1778679860571 0.7539800000000128 18
1778679870575 0.7744870000000219 19
1778679880580 0.7784050000000207 20
1778679890583 0.7820100000000139 21
1778679900586 0.7857500000000073 22
1778679910590 0.7891010000000165 23
1778679920594 0.7935360000000173 24
1778679930599 0.7978780000000256 25
1778679940607 0.8015820000000247 26
1778679950614 0.8054000000000201 27
1778679960618 0.8086260000000038 28
1778679970621 0.8537290000000155 29
1778679980625 0.935385000000025 30
1778679990628 0.9380069999999989 31
1778680000631 0.9431260000000066 32
1778680010634 0.9466070000000002 33
1778680020640 0.9494490000000155 34
1778680030644 0.951420000000013 35
1778680040647 0.9541940000000011 36
1778680050651 0.9569140000000118 37
1778680060654 0.9596850000000074 38
1778680070658 0.9629930000000115 39
1778680080662 0.9657710000000179 40
1778680090666 0.9680470000000128 41
1778680100669 0.9698470000000157 42
1778680110673 0.9931920000000218 43
1778680120676 0.9972000000000207 44
1778680130680 1.0131620000000225 45
1778680140684 1.01439000000002 46
1778680150687 1.0173029999999983 47
1778680160691 1.019379000000015 48
1778680170694 1.021823000000012 49
1778680180698 1.0254740000000027 50
1778680190700 1.3776450000000011 51
1778680200707 1.3841859999999997 52
1778680210713 9.486798000000022 53
1778680220716 9.497517000000016 54
1778680230719 9.506005000000016 55
1778680240723 9.510479000000004 56
1778680250726 9.519711000000001 57
