1778679680505 0.0016670000000011953 0
1778679690509 0.021662000000002735 1
1778679700513 0.02179399999999987 2
1778679710517 0.02248300000000114 3
1778679720521 0.022747000000002515 4
1778679730525 0.04440100000000058 5
1778679740529 0.6832080000000005 6
1778679750532 0.7093370000000014 7
1778679760535 0.7228070000000031 8
1778679770538 0.7232270000000014 9
1778679780541 0.7266089999999998 10
1778679790546 0.7273110000000003 11
1778679800549 0.7273110000000003 12
1778679810552 0.7276389999999999 13
1778679820556 0.7278090000000006 14
1778679830559 0.7327960000000004 15
1778679840563 0.7327960000000004 16
1778679850567 0.7331660000000007 17
1778679860571 0.7450210000000013 18
1778679870575 0.7589410000000001 19
1778679880580 0.7591810000000017 20
1778679890583 0.7591810000000017 21
1778679900586 0.7599740000000033 22
1778679910590 0.7601240000000011 23
1778679920594 0.7608250000000005 24
1778679930599 0.7609990000000018 25
1778679940607 0.7609990000000018 26
1778679950614 0.7609990000000018 27
1778679960618 0.7611490000000032 28
1778679970621 0.7778160000000014 29
1778679980625 0.7850830000000002 30
1778679990628 0.7851490000000005 31
1778680000631 0.7851910000000011 32
1778680010634 0.7852570000000014 33
1778680020640 0.7854430000000008 34
1778680030644 0.7855510000000017 35
1778680040647 0.7857070000000022 36
1778680050651 0.7860849999999999 37
1778680060654 0.7862710000000028 38
1778680070658 0.786403 39
1778680080662 0.7864450000000005 40
1778680090666 0.786487000000001 41
1778680100669 0.7865950000000019 42
1778680110673 0.791404 43
1778680120676 0.791640000000001 44
1778680130680 0.8023910000000001 45
1778680140684 0.802425000000003 46
1778680150687 0.8025990000000007 47
1778680160691 0.8025990000000007 48
1778680170694 0.8025990000000007 49
1778680180698 0.802977000000002 50
1778680190700 0.9230770000000028 51
1778680200707 0.9268120000000017 52
1778680210713 1.0650380000000013 53
1778680220716 1.067261000000002 54
1778680230719 1.0681670000000025 55
1778680240723 1.0691970000000026 56
1778680250726 1.0755540000000003 57
