1778679680505 8083.6 0
1778679690509 8147.0 1
1778679700513 8150.4 2
1778679710517 8170.1 3
1778679720521 8186.2 4
1778679730525 8273.5 5
1778679740529 8216.8 6
1778679750532 8281.6 7
1778679760535 8212.8 8
1778679770538 8154.0 9
1778679780541 8167.0 10
1778679790546 8175.5 11
1778679800549 8174.8 12
1778679810552 8183.6 13
1778679820556 8180.6 14
1778679830559 8195.3 15
1778679840563 8176.3 16
1778679850567 8200.9 17
1778679860571 8178.3 18
1778679870575 8196.8 19
1778679880580 8191.4 20
1778679890583 8171.3 21
1778679900586 8177.9 22
1778679910590 8194.1 23
1778679920594 8188.6 24
1778679930599 8195.5 25
1778679940607 8183.7 26
1778679950614 8193.6 27
1778679960618 8188.1 28
1778679970621 8207.5 29
1778679980625 8205.7 30
1778679990628 8208.3 31
1778680000631 8196.5 32
1778680010634 8203.4 33
1778680020640 8195.3 34
1778680030644 8205.0 35
1778680040647 8200.8 36
1778680050651 8198.9 37
1778680060654 8209.3 38
1778680070658 8209.3 39
1778680080662 8199.1 40
1778680090666 8216.9 41
1778680100669 8205.1 42
1778680110673 8213.4 43
1778680120676 8205.8 44
1778680130680 7165.6 45
1778680140684 7129.1 46
1778680150687 7117.7 47
1778680160691 7117.9 48
1778680170694 7121.1 49
1778680180698 7121.0 50
1778680190700 8166.4 51
1778680200707 8030.4 52
1778680210713 8479.6 53
1778680220716 8372.0 54
1778680230719 8373.6 55
1778680240723 8348.0 56
1778680250726 8349.0 57
