1778679680505 49.2 0
1778679690509 49.6 1
1778679700513 49.6 2
1778679710517 49.7 3
1778679720521 49.8 4
1778679730525 50.3 5
1778679740529 50.0 6
1778679750532 50.4 7
1778679760535 50.0 8
1778679770538 49.6 9
1778679780541 49.7 10
1778679790546 49.7 11
1778679800549 49.7 12
1778679810552 49.8 13
1778679820556 49.8 14
1778679830559 49.9 15
1778679840563 49.7 16
1778679850567 49.9 17
1778679860571 49.8 18
1778679870575 49.9 19
1778679880580 49.8 20
1778679890583 49.7 21
1778679900586 49.8 22
1778679910590 49.9 23
1778679920594 49.8 24
1778679930599 49.9 25
1778679940607 49.8 26
1778679950614 49.8 27
1778679960618 49.8 28
1778679970621 49.9 29
1778679980625 49.9 30
1778679990628 49.9 31
1778680000631 49.9 32
1778680010634 49.9 33
1778680020640 49.9 34
1778680030644 49.9 35
1778680040647 49.9 36
1778680050651 49.9 37
1778680060654 49.9 38
1778680070658 49.9 39
1778680080662 49.9 40
1778680090666 50.0 41
1778680100669 49.9 42
1778680110673 50.0 43
1778680120676 49.9 44
1778680130680 43.6 45
1778680140684 43.4 46
1778680150687 43.3 47
1778680160691 43.3 48
1778680170694 43.3 49
1778680180698 43.3 50
1778680190700 49.7 51
1778680200707 48.9 52
1778680210713 51.6 53
1778680220716 50.9 54
1778680230719 50.9 55
1778680240723 50.8 56
1778680250726 50.8 57
